Loading tokenized datasets
sacrebleu:  6.452890251396643
CHRF:  28.728925719757807
Computing comet score. This may take a while (~20 min using L40s)
Comet:  0.46576568600915375
