Loading tokenized datasets
sacrebleu:  34.93572873615952
CHRF:  58.69101148678043
Computing comet score. This may take a while (~20 min using L40s)
Comet:  0.8288945133233815
