Loading tokenized datasets
sacrebleu:  8.672809768025846
CHRF:  33.46138462859985
Computing comet score. This may take a while (~20 min using L40s)
Comet:  0.5103542634257674
