Loading tokenized datasets
sacrebleu:  31.877918855311755
CHRF:  56.808130273331024
Computing comet score. This may take a while (~20 min using L40s)
Comet:  0.8139620561491698
